CASE 1
5
e 1 0 4 6

ERROR
CASE 2
6
8 1 0 4 6

ERROR
CASE 3
4
9 3 4 5 6

ERROR
CASE 4
4
9 2 7 1

2 9 7 1
2 7 9 1
1 2 7 9

2 7 1 9
2 1 7 9
1 2 7 9

2 7 1 9
1 2 7 9

CASE 5
5
10 39 27 8 34 

10 39 27 8 34
10 27 39 8 34
8 10 27 39 34
8 10 27 34 39

10 27 8 34 39
10 8 27 34 39
8 10 27 34 39

8 10 27 39 34
8 10 27 39 34
8 10 27 34 39
CASE 6
5
8 1 0 4 6

1 8 0 4 6
0 1 8 4 6
0 1 4 8 6
0 1 4 6 8
¡¡¡¡¡¡
1 0 4 6 8
0 1 4 6 8
0 1 4 6 8

6 1 0 4 8
4 1 0 6 8
0 1 4 6 8
0 1 4 6 8
CASE 7 
5
5 7 9 4 6

5 7 9 4 6
5 7 9 4 6 
4 5 7 9 6 
4 5 6 7 9

5 7 4 6 9
5 4 6 7 9
4 5 6 7 9

4 5 9 7 6
4 5 6 7 9



