CASE 1
21
12
0 1 6
1 4 5
6 11 15
4 9 2
5 7 -1
11 -1 -1
15 -1 -1
9 -1 -1
2 -1 -1
7 3 8
3 -1 -1
8 -1 -1

0 6 15
0 1 5 7 8
CASE 2
21
8
0 1 6
1 4 5
6 11 15
4 9 2
5 7 -1
11 -1 -1
15 -1 -1
9 -1 -1
2 -1 -1
7 3 8
3 -1 -1
8 -1 -1

ERROR
CASE 3
20
5
0 1 6
1 4 5
6 -1 -1
4 9 2
6 2 
9  5
3 -1 -1
7 3 -1
2 9 -1
8 -1 7

ERROR
CASE 4
20
12
0 1 6
1 4 5
6 -1 -1
4 9 2
6 2 
9  5
3 -1 -1
7 3 -1
2 9 -1
8 -1 7

0 6 4
0 1 5 7 2
CASE 5
12
3
0 1 6
1 4 5
6 11 15

ERROR
CASE 6
30
3
0 1 6
1 4 5
6 11 15

ERROR
CASE 7
21
12
0 1 6
1 4 5
6 11 15
4 9 2
5 7 -1
11 -1 -1
15 -1 -1
9 -1 -1
2 -1 -1
7 3 8
3 -1 -1
8 -1 -1

0 6 15
0 1 5 7 8